nums =[-0.534 -0.532 -0.531 -0.529 -0.527 -0.526 -0.524 -0.522 -0.521 -0.519 ...
  -0.517 -0.516 -0.514 -0.512 -0.511 -0.509 -0.507 -0.506 -0.504 -0.502...
  -0.501 -0.499 -0.497 -0.496 -0.494 -0.492 -0.491 -0.489 -0.487 -0.486...
  -0.484 -0.482 -0.481 -0.479 -0.477 -0.476 -0.474 -0.472 -0.471 -0.469...
  -0.467 -0.466 -0.464 -0.462 -0.461 -0.459 -0.457 -0.456 -0.454 -0.452...
  -0.451 -0.449 -0.447 -0.446 -0.444 -0.442 -0.441 -0.439 -0.437 -0.436...
  -0.434 -0.432 -0.431 -0.429 -0.427 -0.426 -0.424 -0.422 -0.421 -0.419...
  -0.417 -0.416 -0.414 -0.412 -0.411 -0.409 -0.407 -0.406 -0.404 -0.402...
  -0.401 -0.399 -0.397 -0.396 -0.394 -0.392 -0.391 -0.389 -0.387 -0.386...
  -0.384 -0.382 -0.381 -0.379 -0.377 -0.376 -0.374 -0.372 -0.371 -0.369...
  -0.367 -0.366 -0.364 -0.362 -0.36  -0.359 -0.357 -0.355 -0.354 -0.352...
  -0.35  -0.349 -0.347 -0.345 -0.344 -0.342 -0.34  -0.339 -0.337 -0.335...
  -0.334 -0.332 -0.33  -0.329 -0.327 -0.325 -0.324 -0.322 -0.32  -0.319...
  -0.317 -0.315 -0.314 -0.312 -0.31  -0.309 -0.307 -0.305 -0.304 -0.302...
  -0.3   -0.299 -0.297 -0.295 -0.294 -0.292 -0.29  -0.289 -0.287 -0.285...
  -0.284 -0.282 -0.28  -0.279 -0.277 -0.275 -0.274 -0.272 -0.27  -0.269...
  -0.267 -0.265 -0.264 -0.262 -0.26  -0.259 -0.257 -0.255 -0.254 -0.252...
  -0.25  -0.249 -0.247 -0.245 -0.244 -0.242 -0.24  -0.239 -0.237 -0.235...
  -0.234 -0.232 -0.23  -0.229 -0.227 -0.225 -0.224 -0.222 -0.22  -0.219...
  -0.217 -0.215 -0.214 -0.212 -0.21  -0.209 -0.207 -0.205 -0.204 -0.202...
  -0.2   -0.199 -0.197 -0.195 -0.194 -0.192 -0.19  -0.189 -0.187 -0.185...
  -0.184 -0.182 -0.18  -0.179 -0.177 -0.175 -0.174 -0.172 -0.17  -0.169...
  -0.167 -0.165 -0.164 -0.162 -0.16  -0.159 -0.157 -0.155 -0.154 -0.152...
  -0.15  -0.149 -0.147 -0.145 -0.144 -0.142 -0.14  -0.139 -0.137 -0.135...
  -0.134 -0.132 -0.13  -0.129 -0.127 -0.125 -0.124 -0.122 -0.12  -0.118...
  -0.117 -0.115 -0.113 -0.112 -0.11  -0.108 -0.107 -0.105 -0.103 -0.102...
  -0.1   -0.098 -0.097 -0.095 -0.093 -0.092 -0.09  -0.088 -0.087 -0.085...
  -0.083 -0.082 -0.08  -0.078 -0.077 -0.075 -0.073 -0.072 -0.07  -0.068...
  -0.067 -0.065 -0.063 -0.062 -0.06  -0.058 -0.057 -0.055 -0.053 -0.052...
  -0.05  -0.048 -0.047 -0.045 -0.043 -0.042 -0.04  -0.038 -0.037 -0.035...
  -0.033 -0.032 -0.03  -0.028 -0.027 -0.025 -0.023 -0.022 -0.02  -0.018...
  -0.017 -0.015 -0.013 -0.012 -0.01  -0.008 -0.007 -0.005 -0.003 -0.002  0. ...
   0.002  0.003  0.005  0.007  0.008  0.01   0.012  0.013  0.015  0.017...
   0.018  0.02   0.022  0.023  0.025  0.027  0.028  0.03   0.032  0.033...
   0.035  0.037  0.038  0.04   0.042  0.043  0.045  0.047  0.048  0.05...
   0.052  0.053  0.055  0.057  0.058  0.06   0.062  0.063  0.065  0.067...
   0.068  0.07   0.072  0.073  0.075  0.077  0.078  0.08   0.082  0.083...
   0.085  0.087  0.088  0.09   0.092  0.093  0.095  0.097  0.098  0.1...
   0.102  0.103  0.105  0.107  0.108  0.11   0.112  0.113  0.115  0.117...
   0.118  0.12   0.122  0.124  0.125  0.127  0.129  0.13   0.132  0.134...
   0.135  0.137  0.139  0.14   0.142  0.144  0.145  0.147  0.149  0.15...
   0.152  0.154  0.155  0.157  0.159  0.16   0.162  0.164  0.165  0.167...
   0.169  0.17   0.172  0.174  0.175  0.177  0.179  0.18   0.182  0.184...
   0.185  0.187  0.189  0.19   0.192  0.194  0.195  0.197  0.199  0.2...
   0.202  0.204  0.205  0.207  0.209  0.21   0.212  0.214  0.215  0.217...
   0.219  0.22   0.222  0.224  0.225  0.227  0.229  0.23   0.232  0.234...
   0.235  0.237  0.239  0.24   0.242  0.244  0.245  0.247  0.249  0.25...
   0.252  0.254  0.255  0.257  0.259  0.26   0.262  0.264  0.265  0.267...
   0.269  0.27   0.272  0.274  0.275  0.277  0.279  0.28   0.282  0.284...
   0.285  0.287  0.289  0.29   0.292  0.294  0.295  0.297  0.299  0.3...
   0.302  0.304  0.305  0.307  0.309  0.31   0.312  0.314  0.315  0.317...
   0.319  0.32   0.322  0.324  0.325  0.327  0.329  0.33   0.332  0.334...
   0.335  0.337  0.339  0.34   0.342  0.344  0.345  0.347  0.349  0.35...
   0.352  0.354  0.355  0.357  0.359  0.36   0.362  0.364  0.366  0.367...
   0.369  0.371  0.372  0.374  0.376  0.377  0.379  0.381  0.382  0.384...
   0.386  0.387  0.389  0.391  0.392  0.394  0.396  0.397  0.399  0.401...
   0.402  0.404  0.406  0.407  0.409  0.411  0.412  0.414  0.416  0.417...
   0.419  0.421  0.422  0.424  0.426  0.427  0.429  0.431  0.432  0.434...
   0.436  0.437  0.439  0.441  0.442  0.444  0.446  0.447  0.449  0.451...
   0.452  0.454  0.456  0.457  0.459  0.461  0.462  0.464  0.466  0.467...
   0.469  0.471  0.472  0.474  0.476  0.477  0.479  0.481  0.482  0.484...
   0.486  0.487  0.489  0.491  0.492  0.494  0.496  0.497  0.499  0.501...
   0.502  0.504  0.506  0.507  0.509  0.511  0.512  0.514  0.516  0.517...
   0.519  0.521  0.522  0.524  0.526  0.527  0.529  0.531  0.532];
