scan = [-1, -1, -1, -1, -1, -1, -1, -1, -1, -1, -1, -1, -1, -1, -1, -1, -1, -1, -1, -1, -1, -1, -1, -1, -1, -1, -1, -1, -1, -1, -1, -1, -1, -1, -1, -1, -1, -1, -1, -1, -1, -1, -1, -1, -1, -1, -1, -1, -1, -1, -1, -1, -1, -1, -1, -1, -1, -1, -1, -1, -1, -1, -1, -1, -1, -1, -1, -1, -1, -1, -1, -1, -1, -1, -1, -1, -1, -1, -1, -1, -1, -1, -1, -1, -1, -1, -1, -1, -1, -1, -1, -1, -1, -1, -1, -1, -1, -1, -1, -1, -1, -1, -1, -1, -1, -1, -1, -1, -1, -1, -1, -1, -1, -1, -1, -1, -1, -1, -1, -1, -1, -1, -1, -1, -1, -1, -1, -1, -1, -1, -1, -1, -1, -1, -1, -1, -1, -1, -1, -1, -1, -1, -1, -1, -1, -1, -1, -1, -1, -1, -1, -1, -1, -1, -1, -1, -1, -1, -1, -1, -1, -1, -1, -1, -1, -1, -1, -1, -1, -1, -1, -1, -1, -1, -1, -1, -1, -1, -1, -1, -1, -1, -1, -1, -1, -1, -1, -1, -1, -1, -1, -1, -1, -1, -1, -1, -1, -1, -1, -1, -1, -1, -1, -1, -1, 5.0855937004089355, 5.074100494384766, -1, 5.062665939331055, 5.051292419433594, 5.039977550506592, 5.028721332550049, 5.017523765563965, 5.006384372711182, 4.995302677154541, 4.984279155731201, 4.973311901092529, 4.962402820587158, 4.951549530029297, 4.940752983093262, 4.930011749267578, 4.919327259063721, -1, 4.908697605133057, 4.898123264312744, 4.887603282928467, 4.877138614654541, 4.866727352142334, 4.856370449066162, 4.846066951751709, 4.835817337036133, 4.825620651245117, 4.815476417541504, 4.805384635925293, 4.795345783233643, 4.78535795211792, -1, 4.775422096252441, 4.765537738800049, 4.7557053565979, 4.745922565460205, 4.736190319061279, 4.726510047912598, 4.7168779373168945, 4.707296848297119, 4.697764873504639, 4.688282489776611, 4.678848743438721, 4.669463634490967, -1, 4.66012716293335, 4.650839328765869, 4.641599178314209, 4.632407188415527, 4.623262405395508, 4.61416482925415, 4.605114459991455, 4.596110820770264, 4.587153434753418, 4.578242778778076, 4.56937837600708, -1, 4.560559272766113, 4.551784992218018, 4.543057441711426, 4.534374713897705, 4.5257368087768555, 4.517143249511719, 4.508594989776611, 4.5000901222229, 4.491629600524902, 4.483212471008301, -1, 4.474839687347412, 4.466509819030762, 4.45822286605835, 4.449978828430176, 4.44177770614624, 4.433619022369385, 4.425502777099609, 4.417428016662598, 4.409395694732666, 4.40140438079834, 4.393454551696777, -1, 4.385546684265137, 4.377679347991943, 4.369852542877197, 4.362066268920898, 4.354321479797363, 4.346615791320801, 4.3389506340026855, 4.331325054168701, 4.3237385749816895, 4.316192626953125, -1, 4.308684825897217, 4.301216125488281, 4.293787002563477, 4.286396026611328, 4.279043674468994, 4.271728992462158, 4.264453411102295, 4.2572150230407715, 4.250014305114746, 4.242851257324219, -1, 4.2357258796691895, 4.228636741638184, 4.221585273742676, 4.21457052230835, 4.207592487335205, 4.200650691986084, 4.193745136260986, 4.186875343322754, 4.180041790008545, -1, 4.173243522644043, 4.1664814949035645, 4.159754753112793, 4.15306282043457, 4.1464056968688965, 4.13978385925293, 4.133196830749512, 4.126644134521484, 4.120126247406006, 4.11364221572876, -1, 4.107192039489746, 4.100775718688965, 4.094393253326416, 4.0880446434021, 4.081728935241699, 4.075446605682373, 4.069197654724121, 4.062981128692627, 4.056797504425049, 4.0506463050842285, -1, 4.044528007507324, 4.0384416580200195, 4.0323872566223145, 4.026365756988525, 4.020375728607178, 4.014416217803955, 4.008489608764648, 4.002594470977783, 3.996729850769043, 3.990896224975586, -1, 3.9850940704345703, 3.9793221950531006, 3.973581314086914, 3.9678707122802734, 3.9621903896331787, 3.95654034614563, 3.950920343399048, 3.9453301429748535, 3.939770460128784, 3.934239387512207, -1, 3.9287383556365967, 3.923266649246216, 3.9178237915039062, 3.9124107360839844, 3.9070258140563965, 3.90166974067688, 3.896343231201172, 3.8910446166992188, 3.885774612426758, 3.880532741546631, -1, 3.875318765640259, 3.870133638381958, 3.8649754524230957, 3.8598453998565674, 3.854743242263794, 3.849668025970459, 3.8446202278137207, 3.839600086212158, 3.834606647491455, 3.8296406269073486, 3.8247010707855225, -1, 3.8197879791259766, 3.8149020671844482, 3.810042381286621, 3.805208683013916, 3.8004019260406494, 3.7956206798553467, 3.790865898132324, 3.7861368656158447, 3.781433343887329, 3.7767558097839355, 3.7721033096313477, 3.7674763202667236, -1, 3.7628748416900635, 3.75829815864563, 3.75374698638916, 3.749220132827759, 3.744718551635742, 3.740241527557373, 3.7357888221740723, 3.731360673904419, 3.726957321166992, 3.7225775718688965, 3.7182223796844482, 3.71389102935791, -1, 3.709583282470703, 3.7052998542785645, 3.7010395526885986, 3.696803092956543, 3.6925899982452393, 3.6884002685546875, 3.6842339038848877, 3.6800906658172607, 3.6759700775146484, 3.671872854232788, 3.6677980422973633, 3.6637461185455322, 3.659716844558716, 3.655709743499756, -1, 3.6517252922058105, 3.647763252258301, 3.6438231468200684, 3.6399054527282715, 3.6360092163085938, 3.6321349143981934, 3.6282827854156494, 3.6244521141052246, 3.62064266204834, 3.6168553829193115, 3.613088846206665, 3.609344005584717, 3.6056199073791504, 3.601917028427124, 3.598235607147217, -1, 3.594574451446533, 3.5909340381622314, 3.5873148441314697, 3.5837156772613525, 3.5801374912261963, 3.5765793323516846, 3.5730414390563965, 3.569524049758911, 3.566026449203491, 3.562549114227295, 3.5590920448303223, 3.5556540489196777, 3.552236318588257, 3.548837900161743, 3.545459032058716, 3.542100191116333, 3.53875994682312, 3.5354392528533936, 3.5321383476257324, -1, 3.528855800628662, 3.525592803955078, 3.522348165512085, 3.519122838973999, 3.515916109085083, 3.512727975845337, 3.5095584392547607, 3.5064074993133545, 3.50327467918396, 3.5001604557037354, 3.4970648288726807, 3.4939866065979004, 3.490927219390869, 3.4878852367401123, 3.484861135482788, 3.4818553924560547, 3.4788668155670166, 3.475895881652832, 3.47294282913208, 3.4700071811676025, 3.4670894145965576, 3.4641880989074707, 3.4613044261932373, 3.458437919616699, 3.4555883407592773, 3.452755928039551, 3.4499409198760986, 3.4471421241760254, 3.4443602561950684, 3.4415948390960693, 3.4388463497161865, 3.4361143112182617, 3.433398723602295, 3.430699110031128, 3.428016424179077, 3.4253499507904053, 3.4226996898651123, 3.420064926147461, -1, 3.4174463748931885, 3.414844274520874, 3.412257194519043, 3.409686326980591, 3.4071314334869385, 3.4045915603637695, 3.4020676612854004, 3.3995590209960938, 3.3970658779144287, 3.3945882320404053, 3.3921256065368652, 3.3896782398223877, 3.3872463703155518, 3.384829044342041, 3.3824267387390137, 3.380039691925049, 3.375309705734253, 3.3729665279388428, 3.370638132095337, 3.3683247566223145, 3.36602520942688, 3.3637404441833496, 3.3614702224731445, 3.3592138290405273, 3.3569719791412354, 3.3547441959381104, 3.3525304794311523, 3.3503308296203613, 3.348145008087158, 3.345973253250122, 3.343815565109253, 3.3416709899902344, 3.339540958404541, 3.337423801422119, 3.335320234298706, 3.33323073387146, 3.3311543464660645, 3.3290913105010986, 3.3270416259765625, 3.325005292892456, 3.3229820728302, 3.320971965789795, 3.318974733352661, 3.316990852355957, 3.3150196075439453, 3.313061237335205, 3.3111159801483154, 3.309183359146118, 3.3072636127471924, 3.305356025695801, 3.301579236984253, 3.2997093200683594, 3.2978515625, 3.296006917953491, 3.2941737174987793, 3.2923531532287598, 3.2905449867248535, 3.2887485027313232, 3.2869646549224854, 3.2851922512054443, 3.2834317684173584, 3.2816834449768066, 3.279946804046631, 3.278221845626831, 3.2765088081359863, 3.2748072147369385, 3.2714390754699707, 3.2697720527648926, 3.2681167125701904, 3.266472339630127, 3.2648396492004395, 3.2632181644439697, 3.2616076469421387, 3.2600088119506836, 3.258420467376709, 3.2568438053131104, 3.2552778720855713, 3.253722667694092, 3.250645399093628, 3.2491226196289062, 3.2476110458374023, 3.2461097240448, 3.244619369506836, 3.2431395053863525, 3.2416701316833496, 3.240211248397827, 3.238762855529785, 3.2373244762420654, 3.2344794273376465, 3.23307204246521, 3.231675148010254, 3.23028826713562, 3.2289113998413086, 3.2275445461273193, 