s(1,:) = [4.415604591369629, 4.4149580001831055, 4.414318561553955, 4.413686752319336, 4.412445068359375, 4.411835193634033, 4.411232948303223, 4.410638809204102, 4.4100518226623535, 4.409472465515137, 4.408337116241455, 4.40778112411499, 4.407232284545898, 4.406692028045654, 4.406158924102783, 4.405117034912109, 4.404607772827148, 4.404106616973877, 4.403613567352295, 4.403128623962402, 4.402651786804199, 4.401721954345703, 4.401269435882568, 4.400825023651123, 4.400388717651367, 4.399961471557617, 4.399541854858398, 4.399130344390869, 4.398333549499512, 4.397947788238525, 4.3975701332092285, 4.3972015380859375, 4.396841049194336, 4.39648962020874, 4.396146774291992, 4.395487308502197, 4.395170211791992, 4.394862174987793, 4.394562721252441, 4.394272327423096, 4.393990993499756, 4.393718719482422, 4.3934550285339355, 4.392955303192139, 4.392719268798828, 4.392491817474365, 4.392273902893066, 4.392065048217773, 4.3918657302856445, 4.391674995422363, 4.391494274139404, 4.391322612762451, 4.391007900238037, 4.390864372253418, 4.390730381011963, 4.39060640335083, 4.390491962432861, 4.390387058258057, 4.390291213989258, 4.3902058601379395, 4.390129566192627, 4.390063762664795, 4.389961242675781, 4.3899245262146, 4.389898777008057, 4.389881610870361, 4.3898749351501465, 4.389878749847412, 4.389892578125, 4.389915943145752, 4.389950275421143, 4.3899946212768555, 4.390048980712891, 4.390113830566406, 4.390188694000244, 4.390274524688721, 4.390476703643799, 4.390593528747559, 4.390720844268799, 4.390859127044678, 4.391007900238037, 4.391167163848877, 4.391336917877197, 4.391517639160156, 4.391709804534912, 4.39191198348999, 4.392125606536865, 4.392349720001221, 4.392584800720215, 4.392831325531006, 4.393088340759277, 4.393356800079346, 4.393636703491211, 4.393927097320557, 4.394229412078857, 4.394866943359375, 4.395203113555908, 4.395549774169922, 4.395908832550049, 4.396278381347656, 4.396660327911377, 4.397053241729736, 4.397458553314209, 4.39787483215332, 4.398303508758545, 4.398743152618408, 4.399194240570068, 4.399658203125, 4.40013313293457, 4.400620937347412, 4.401120185852051, 4.4016313552856445, 4.402154445648193, 4.4026899337768555, 4.403237819671631, 4.403797149658203, 4.404369354248047, 4.4049530029296875, 4.4055495262146, 4.406158447265625, 4.406779766082764, 4.407413005828857, 4.408059120178223, 4.408718109130859, 4.409389019012451, 4.4100728034973145, 4.410769462585449, 4.411478519439697, 4.412200450897217, 4.412935256958008, 4.413682460784912, 4.414443016052246, 4.415216445922852, 4.4160027503967285, 4.416802406311035, 4.417614936828613, 4.418440341949463, 4.419279098510742, 4.420131206512451, 4.420996189117432, 4.421875, 4.42276668548584, 4.423671722412109, 4.424590110778809, 4.425522804260254, 4.426468372344971, 4.427427768707275, 4.42840051651001, 4.429387092590332, 4.430387496948242, 4.43140172958374, 4.432429313659668, 4.433471202850342, 4.434526443481445, 4.435596466064453, 4.436679840087891, 4.437777042388916, 4.438889026641846, 4.440014839172363, 4.441154479980469, 4.4423089027404785, 4.443477630615234, 4.444660186767578, 4.445857524871826, 4.44706916809082, 4.4482951164245605, 4.449535369873047, -1, 4.450790882110596, 4.452060222625732, 4.453344345092773, 4.454644203186035, 4.455957889556885, 4.457286357879639, 4.458630084991455, 4.459988594055176, 4.461361885070801, 4.46274995803833, 4.464153289794922, 4.465571880340576, 4.467005252838135, 4.468453884124756, 4.4699177742004395, 4.471397399902344, 4.472891807556152, 4.474401950836182, 4.475927352905273, 4.477468013763428, 4.479024410247803, 4.480596542358398, -1, 4.482183933258057, 4.4837870597839355, 4.485406398773193, 4.487040996551514, 4.488691329956055, 4.490357875823975, 4.492040157318115, 4.493738174438477, 4.495452880859375, 4.497182846069336, 4.498929500579834, 4.500692367553711, 4.50247049331665, 4.504265785217285, 4.506077289581299, 4.507905006408691, -1, 4.509748935699463, 4.5116095542907715, 4.513486385345459, 4.515379905700684, 4.517290115356445, 4.519217014312744, 4.52116060256958, 4.523120880126953, 4.525097846984863, 4.527091979980469, 4.529102802276611, 4.531130313873291, 4.533175468444824, 4.5352373123168945, -1, 4.537315845489502, 4.539412021636963, 4.541525363922119, 4.543655872344971, 4.545803546905518, 4.54796838760376, 4.5501508712768555, 4.552350997924805, 4.554567813873291, 4.556802749633789, 4.559055805206299, 4.561326026916504, 4.563613414764404, -1, 4.565918922424316, 4.56824254989624, 4.570583343505859, 4.572942733764648, 4.575319766998291, 4.577714920043945, 4.580128192901611, 4.091097831726074, 4.053881645202637, 4.025234222412109, 4.00797700881958, 3.990872621536255, -1, 3.973919153213501, 3.957115411758423, 3.941067695617676, 3.930765151977539, 3.9205257892608643, 3.9103472232818604, 3.900230646133423, 3.8901751041412354, 3.880181074142456, 3.8702480792999268, 3.860741138458252, -1, 3.854163408279419, 3.8476181030273438, 3.8411052227020264, 3.8346245288848877, 3.828176259994507, 3.8217597007751465, 3.8153748512268066, 3.8090202808380127, 3.802696704864502, 3.7964048385620117, -1, 3.7916100025177, 3.7874855995178223, 3.7833807468414307, 3.779296398162842, 3.77523136138916, 3.7711868286132812, 3.7671618461608887, 3.7631568908691406, 3.7591710090637207, 3.755204677581787, 3.751258134841919, -1, 3.747330904006958, 3.743842124938965, 3.7415571212768555, 3.739285945892334, 3.737029790878296, 3.734787702560425, 3.732560396194458, 3.730347156524658, 3.7281484603881836, 3.725963830947876, -1, 3.7237937450408936, 3.7216379642486572, 3.719496488571167, 3.71737003326416, 3.715257167816162, 3.7137064933776855, 3.7129979133605957, 3.71230149269104, 3.7116177082061768, 3.7109456062316895, -1, 3.7102866172790527, 3.709639310836792, 3.7090046405792236, 3.708381414413452, 3.7077713012695312, 3.7071733474731445, 3.706587076187134, 3.7060136795043945, 3.7054519653320312, -1, 3.7049028873443604, 3.7054362297058105, 3.706228494644165, 3.707033395767212, 3.707850456237793, 3.7086801528930664, 3.709522247314453, 3.710376501083374, 3.7112433910369873, 3.712122917175293, -1, 3.713014602661133, 3.7139194011688232, 3.7148358821868896, 3.7157649993896484, 3.7167065143585205, 3.7180659770965576, 3.720432758331299, 3.7228147983551025, 3.7252120971679688, 3.727623462677002, -1, 3.730050563812256, 3.732492446899414, 3.7349491119384766, 3.7374212741851807, 3.739907741546631, 3.742410898208618, 3.744929075241089, 3.747462272644043, 3.7500107288360596, 3.753566265106201, -1, 3.7578113079071045, 3.7620770931243896, 3.766364336013794, 3.770672559738159, 3.7750020027160645, 3.779352903366089, 3.7837250232696533, 3.788118600845337, 3.792531967163086, 3.796966552734375, -1, 3.8014230728149414, 3.8068718910217285, 3.813612461090088, 3.820387363433838, 3.827197790145874, 3.8340423107147217, 3.8409221172332764, 3.84783673286438, 3.8547868728637695, 3.8617746829986572, -1, 3.86879825592041, 3.8771121501922607, 3.887752056121826, 3.8984601497650146, 3.909236431121826, 3.9200809001922607, 3.930994749069214, 3.94197678565979, 3.9530279636383057, 3.9695143699645996, 3.9879150390625, -1, 4.006492614746094, 4.025249481201172, 4.044189929962158, 4.083654880523682, 4.128050804138184, 4.623009204864502, 4.608915328979492, 4.5949273109436035, 4.581044673919678, 4.567265510559082, 4.553589820861816, 4.540015697479248, -1, 4.5265421867370605, 4.513169288635254, 4.499895095825195, 4.486719608306885, 4.4736409187316895, 4.460658073425293, 4.447771072387695, 4.434978485107422, 4.422279357910156, 4.409672737121582, 4.397157669067383, 4.3847336769104, -1, 4.37239933013916, 4.36015510559082, 4.34799861907959, 4.335929870605469, 4.323948383331299, 4.312051773071289, 4.300240993499756, 4.288514137268066, 4.276871681213379, 4.2653117179870605, 4.253833770751953, 4.242437839508057, 4.23112154006958, 4.21988582611084, -1, 4.208728790283203, 4.19765043258667, 4.186649799346924, 4.175726890563965, 4.164879322052002, 4.154108047485352, 4.143411636352539, 4.132789611816406, 4.122241497039795, 4.111766338348389, 