scan=[-1 -1 -1 -1 -1 -1 -1 -1 -1 -1 -1 -1 -1 -1 -1 -1 -1 -1 -1 -1 -1 -1 -1 -1 -1 -1 -1 -1 -1 -1 -1 -1 -1 -1 -1 -1 -1 -1 -1 -1 -1 -1 -1 -1 -1 -1 -1 -1 -1 -1 -1 -1 -1 -1 -1 -1 -1 -1 -1 -1 -1 -1 -1 -1 -1 -1 -1 -1 -1 -1 -1 -1 -1 -1 -1 -1 -1 -1 -1 -1 -1 -1 -1 -1 -1 -1 -1 -1 -1 -1 -1 -1 -1 -1 -1 -1 -1 -1 -1 -1 -1 -1 -1 -1 5.320353508 5.30372095108 5.28718566895 5.27074813843 5.25440740585 5.23816204071 5.222012043 5.20595598221 5.18999385834 5.17412519455 5.15834903717 5.14266347885 5.12707042694 5.11156702042 5.09615325928 5.08082866669 5.06559276581 5.05044460297 5.03538370132 5.02041006088 5.00552129745 4.99071836472 4.97600078583 4.96136665344 4.94681692123 4.93234968185 4.9179649353 4.90366172791 4.8894405365 4.87529993057 4.86123943329 4.84725904465 4.83335733414 4.81953430176 4.80578947067 4.79212188721 4.77853107452 4.76501750946 4.75157880783 4.73821687698 4.72492933273 4.71171617508 4.69857692719 4.68551158905 4.67251873016 4.65959835052 4.6467499733 4.63397312164 4.62126731873 4.60863256454 4.59606790543 4.58357286453 4.57114648819 4.55878925323 4.54650068283 4.5342798233 4.52212619781 4.51003932953 4.49802017212 4.48606586456 4.47417783737 4.46235513687 4.45059728622 -1 4.43890428543 4.42727565765 4.41570997238 4.40420770645 4.39276838303 4.38139152527 4.37007665634 4.35882329941 4.3476319313 4.33650159836 4.32543087006 4.31442070007 4.30347108841 4.29258060455 4.28174829483 4.27097558975 4.26026105881 4.24960422516 4.23900556564 4.22846412659 4.21797943115 4.2075510025 -1 4.19717979431 4.18686342239 4.17660331726 4.16639852524 4.15624809265 4.14615297318 4.1361117363 4.12612438202 4.1161904335 4.10630989075 4.09648227692 4.08670806885 4.07698583603 4.06731557846 4.05769681931 4.0481300354 -1 4.03861379623 4.02914857864 4.01973438263 4.01036977768 4.00105571747 3.99179124832 3.98257565498 3.97340917587 3.96429204941 3.95522332191 3.94620251656 3.93723011017 3.92830491066 3.91942739487 -1 3.91059732437 3.9018137455 3.89307689667 3.88438677788 3.87574219704 3.86714339256 3.85859084129 3.85008311272 3.84162020683 3.83320260048 3.82482933998 3.81650042534 3.80821585655 -1 3.79997491837 3.79177713394 3.78362321854 3.77551221848 3.76744389534 3.75941872597 3.75143551826 3.74349427223 3.73559546471 3.72773814201 3.71992182732 3.71214723587 -1 3.70441365242 3.69672060013 3.68906831741 3.68145632744 3.67388415337 3.66635227203 3.65885996819 3.6514070034 3.6439936161 3.63661885262 3.62928295135 -1 3.62198615074 3.6147274971 3.60750675201 3.60032463074 3.59317970276 3.58607244492 3.57900309563 3.5719704628 3.56497478485 3.55801653862 -1 3.55109453201 3.54420852661 3.53735947609 3.53054594994 3.52376842499 3.51702666283 3.51032042503 3.50364899635 3.49701309204 3.49041223526 3.48384571075 -1 3.47731423378 3.47081637383 3.46435332298 3.45792412758 3.45152854919 3.44516682625 3.43883895874 3.43254375458 3.42628216743 3.42005324364 -1 3.4138572216 3.40769386292 3.40156292915 3.39546442032 3.38939785957 3.38336348534 3.37736058235 3.37138962746 3.36545014381 3.35954165459 -1 3.35366439819 3.34781861305 3.34613132477 3.35242009163 3.35874390602 3.36510276794 3.37149691582 3.37792658806 3.38439226151 -1 3.39089417458 3.39743161201 3.40400576591 3.41061615944 3.41726398468 3.42394852638 3.43067026138 3.43742966652 3.44422626495 3.45106101036 -1 3.45793390274 3.46484541893 3.47179532051 3.4787838459 3.48581147194 -1 -1 -1 -1 -1 -1 -1 -1 -1 -1 -1 -1 -1 -1 -1 -1 -1 -1 -1 -1 -1 -1 -1 -1 -1 -1 -1 -1 -1 -1 -1 -1 -1 -1 -1 -1 -1 -1 -1 -1 -1 -1 -1 -1 -1 -1 -1 -1 -1 -1 -1 -1 -1 -1 -1 -1 -1 -1 -1 -1 -1 -1 -1 -1 -1 -1 -1 -1 -1 -1 -1 -1 -1 -1 -1 -1 -1 -1 -1 -1 -1 -1 -1 -1 -1 -1 -1 -1 -1 -1 -1 -1 -1 -1 -1 -1 -1 -1 -1 -1 -1 -1 -1 -1 -1 -1 -1 -1 -1 -1 -1 -1 -1 -1 -1 -1 -1 -1 -1 -1 -1 -1 -1 -1 -1 -1 -1 -1 -1 -1 -1 -1 -1 -1 -1 -1 -1 -1 -1 -1 -1 -1 -1 -1 -1 -1 -1 -1 -1 -1 -1 -1 -1 -1 -1 -1 -1 -1 -1 -1 -1 -1 -1 -1 -1 -1 -1 -1 -1 -1 -1 -1 -1 -1 -1 -1 -1 -1 -1 -1 -1 -1 -1 -1 -1 -1 -1 -1 -1 -1 -1 -1 -1 -1 -1 -1 -1 -1 -1 -1 -1 -1 -1 -1 -1 -1 -1 -1 -1 -1 -1 -1 -1 -1 -1 -1 -1 -1 -1 -1 -1 -1 -1 -1 -1 -1 -1 -1 -1 -1 -1 -1 -1 -1 -1 -1 -1 -1 -1 -1 -1 -1 -1 -1 -1 -1 -1 -1 -1 -1 -1 -1 -1 -1 -1 -1 -1 -1 -1 -1 -1 -1 -1 -1 -1 -1 -1 -1 -1 -1 -1 -1 -1 -1 -1 -1 -1 -1 -1 -1 -1 -1 -1 -1 -1 -1 -1 -1 -1 -1 -1 -1 -1 -1 -1 -1 -1 -1 -1 -1 -1 -1 -1 -1 -1 -1 -1 ];

