s1 = [1.5682662725448608, 1.5727038383483887, 1.574941635131836, 1.5771924257278442, 1.579455852508545, 1.5840219259262085, 1.5863248109817505, 1.588640809059143, 1.5909701585769653, 1.5933129787445068, 1.5956695079803467, 1.6004233360290527, 1.6028212308883667, 1.6052327156066895, 1.6076586246490479, 1.6100983619689941, 1.6150211095809937, 1.6175041198730469, 1.6200016736984253, 1.622514009475708, 1.625041127204895, 1.6275830268859863, 1.6327122449874878, 1.635299563407898, 1.6379023790359497, 1.640520691871643, 1.643154501914978, 1.6458041667938232, 1.6484694480895996, 1.6538481712341309, 1.6565618515014648, 1.6592917442321777, 1.6620380878448486, 1.6648008823394775, 1.6675806045532227, 1.6703770160675049, 1.676020860671997, 1.6788686513900757, 1.68173348903656, 1.684615969657898, 1.6875160932540894, 1.6904339790344238, 1.693369746208191, 1.6963233947753906, 1.7022855281829834, 1.7052943706512451, 1.7083215713500977, 1.7113676071166992, 1.7144325971603394, 1.717516541481018, 1.7206196784973145, 1.723742127418518, 1.7268842458724976, 1.733227252960205, 1.7364284992218018, 1.7396502494812012, 1.7428920269012451, 1.7461544275283813, 1.7494373321533203, 1.7527412176132202, 1.7560657262802124, 1.7594115734100342, 1.7627785205841064, 1.7695773839950562, 1.7730095386505127, 1.776463508605957, 1.7799397706985474, 1.7834382057189941, 1.7869596481323242, 1.7905033826828003, 1.7940702438354492, 1.7976601123809814, 1.8012733459472656, 1.8049100637435913, 1.8085705041885376, 1.8122550249099731, 1.819696307182312, 1.823453426361084, 1.8272355794906616, 1.8310425281524658, 1.8348747491836548, 1.8387320041656494, 1.8426152467727661, 1.8465240001678467, 1.8504589796066284, 1.8544199466705322, 1.8584076166152954, 1.8624217510223389, 1.8664630651474, 1.8705313205718994, 1.8746271133422852, 1.8787506818771362, 1.8829017877578735, 1.8870813846588135, 1.8912891149520874, 1.89979088306427, 1.904085397720337, 1.9084092378616333, 1.9127628803253174, 1.9171463251113892, 1.9215600490570068, 1.9260039329528809, 1.9304790496826172, 1.934984803199768, 1.93952214717865, 1.944090723991394, 1.9486912488937378, 1.953324317932129, 1.9579893350601196, 1.9626874923706055, 1.9674185514450073, 1.972183108329773, 1.9769810438156128, 1.9818131923675537, 1.9866795539855957, 1.9915807247161865, 1.996516466140747, 2.001487970352173, 2.0064947605133057, 2.011537551879883, 2.0166165828704834, 2.0217323303222656, 2.0268850326538086, 2.0320751667022705, 2.0373027324676514, 2.0425684452056885, 2.047872543334961, 2.053215503692627, 2.0585975646972656, 2.064019203186035, 2.0694806575775146, 2.0749826431274414, 2.0805251598358154, 2.086108684539795, 2.0917341709136963, 2.0974011421203613, 2.1031105518341064, 2.10886287689209, 2.1146581172943115, 2.120497226715088, 2.126380205154419, 2.132307767868042, 2.138280153274536, 2.1442980766296387, 2.1503617763519287, 2.1564714908599854, 2.1626288890838623, 2.168832778930664, 2.1750848293304443, 2.181385040283203, 2.1877338886260986, 2.194131851196289, 2.200579881668091, 2.207077980041504, 2.2136270999908447, 2.2202277183532715, 2.226879835128784, 2.2335846424102783, 2.240342140197754, 2.2471537590026855, 2.254019021987915, 2.260939121246338, 2.267914295196533, 2.2749457359313965, 2.282033681869507, 2.2891786098480225, 2.2963809967041016, -1, 2.3036422729492188, 2.310962200164795, 2.3183419704437256, 2.325782060623169, 2.333282947540283, 2.3408455848693848, 2.348470449447632, 2.356158494949341, 2.36391019821167, 2.3717265129089355, 2.379607915878296, 2.3875553607940674, 2.395569324493408, 2.403650999069214, 2.4118003845214844, 2.4200193881988525, 2.4283077716827393, 2.436666965484619, 2.4450974464416504, 2.4536001682281494, 2.4621763229370117, 2.4708263874053955, -1, 2.479551315307617, 2.488351821899414, 2.4972290992736816, 2.5061838626861572, 2.5152170658111572, 2.524329662322998, 2.533522844314575, 2.542797327041626, 2.552154064178467, 2.561593770980835, 2.5711183547973633, 2.580728530883789, 2.5904250144958496, 2.6002089977264404, 2.610081434249878, 2.620043992996216, -1, 2.6300973892211914, 2.640242576599121, 2.6504812240600586, 2.6608142852783203, 2.6712427139282227, 2.6817679405212402, 2.6923911571502686, 2.7031137943267822, 2.713937282562256, 2.724862575531006, 2.7358908653259277, 2.747023820877075, 2.758263111114502, 2.7696096897125244, -1, 2.781064987182617, 2.792630672454834, 2.8043081760406494, 2.816098928451538, 2.8280043601989746, 2.840026617050171, 2.852166175842285, 2.8644256591796875, 2.8768064975738525, 2.889310359954834, 2.9019386768341064, 2.9146933555603027, 2.9275760650634766, -1, 2.94058895111084, 2.953733444213867, 2.9670116901397705, 2.9804255962371826, 2.9939770698547363, 3.0076677799224854, 3.0215003490448, 3.0354764461517334, 3.049598217010498, 3.0638680458068848, 3.0782878398895264, 3.0928597450256348, -1, 3.107586145401001, 3.122469663619995, 3.137512683868408, 3.152716875076294, 3.1680853366851807, 3.1836204528808594, 3.1993248462677, 3.215200901031494, 3.2312514781951904, 3.24747896194458, 3.2638866901397705, -1, 3.280477285385132, 3.2972538471221924, 3.314218759536743, 3.3313755989074707, 3.348726987838745, 3.3488216400146484, 3.3024184703826904, 3.2646358013153076, 3.24745512008667, 3.230459690093994, -1, 3.2136473655700684, 3.1970229148864746, 3.18058443069458, 3.169344425201416, 3.159759283065796, 3.1502397060394287, 3.1407854557037354, 3.1313953399658203, 3.1220695972442627, 3.1128058433532715, 3.1036038398742676, -1, 3.0944643020629883, 3.0878632068634033, 3.081881523132324, 3.075932264328003, 3.070014715194702, 3.0641286373138428, 3.058274507522583, 3.0524508953094482, 3.046658754348755, 3.0408971309661865, -1, 3.0351665019989014, 3.029465913772583, 3.0237960815429688, 3.019263505935669, 3.0155062675476074, 3.0117673873901367, 3.008047342300415, 3.0043461322784424, 3.0006632804870605, 2.9969987869262695, -1, 2.9933528900146484, 2.989725351333618, 2.9861159324645996, 2.982524871826172, 2.978951930999756, 2.9753975868225098, 2.9718611240386963, 2.9683423042297363, 2.965585470199585, -1, 2.9634435176849365, 2.9613146781921387, 2.959198236465454, 2.957094669342041, 2.955003499984741, 2.952925205230713, 2.9508590698242188, 2.948805809020996, 2.9467649459838867, 2.9447367191314697, -1, 2.942720651626587, 2.9407172203063965, 2.9387259483337402, 2.9367473125457764, 2.9347805976867676, 2.932826519012451, 2.931267261505127, 2.9304490089416504, 2.929641008377075, 2.9288430213928223, -1, 2.9280552864074707, 2.927277088165283, 2.926509141921997, 2.925750970840454, 2.9250030517578125, 2.924265146255493, 2.923537015914917, 2.922819137573242, 2.9221110343933105, 2.921412467956543, -1, 2.9207241535186768, 2.9200453758239746, 2.919377088546753, 2.918717861175537, 2.9180691242218018, 2.9183428287506104, 2.918747663497925, 2.919161558151245, 2.9195849895477295, 2.920017957687378, -1, 2.9204602241516113, 2.920912265777588, 2.9213736057281494, 2.921844244003296, 2.9223241806030273, 2.922813892364502, 2.9233129024505615, 2.9238216876983643, 2.924339532852173, 2.9248664379119873, -1, 2.925403356552124, 2.9259495735168457, 2.9265050888061523, 2.9273500442504883, 2.929002046585083, 2.930664539337158, 2.932337760925293, 2.934021472930908, 2.935716390609741, 2.9374217987060547, 2.9391374588012695, -1, 2.940864324569702, 2.9426019191741943, 2.944350004196167, 2.946108818054199, 2.94787859916687, 2.9496586322784424, 2.9514498710632324, 2.953251838684082, 2.955064535140991, 2.95688796043396, 2.9593770503997803, 2.962484121322632, -1, 2.9656054973602295, 2.9687414169311523, 2.9718921184539795, 2.975057363510132, 2.9782371520996094, 2.981431484222412, 2.98464035987854, 2.9878642559051514, 2.991102695465088, 2.9943559169769287, 2.997624158859253, 3.0009069442749023, -1, 3.004204750061035, 3.0075175762176514, 3.0119245052337646, 3.016953706741333, 3.0220065116882324, 3.0270824432373047, 3.032182216644287, 3.0373055934906006, 3.042452573776245, 3.047623872756958, 3.05281925201416, 3.0580382347106934, 3.063281536102295, 3.068549394607544, -1, 