scan=[2.51727461815 2.51164007187 2.50602650642 2.5004336834 2.4893116951 2.48378157616 2.47827219963 2.47278404236 2.46731567383 2.46186828613 2.45103383064 2.44564723969 2.44028043747 2.43493413925 2.42960739136 2.41901421547 2.41374731064 2.40850019455 2.40327239037 2.39806461334 2.39287590981 2.38255667686 2.37742638588 2.37231469154 2.36722230911 2.36214947701 2.35709524155 2.35205984116 2.342045784 2.33706688881 2.33210659027 2.32716488838 2.32224154472 2.3173365593 2.31245040894 2.30273270607 2.29790091515 2.29308748245 2.28829193115 2.28351426125 2.27875471115 2.27401304245 2.26928925514 2.25989437103 2.25522351265 2.25057029724 2.24593448639 2.24131584167 2.23671483994 2.23213124275 2.22756433487 2.22301506996 2.21396780014 2.20946979523 2.20498847961 2.20052456856 2.19607710838 2.19164633751 2.18723249435 2.18283510208 2.17845439911 2.17409038544 2.16541147232 2.16109657288 2.15679788589 2.15251588821 2.14824986458 2.14399981499 2.13976621628 2.1355483532 2.13134670258 2.127161026 2.12299108505 2.11883711815 2.11469912529 2.1064696312 2.10237884521 2.09830307961 2.09424304962 2.09019851685 2.08616924286 2.08215546608 2.07815718651 2.07417392731 2.07020616531 2.06625342369 2.06231570244 2.05839300156 2.05448555946 2.05059337616 2.04671573639 2.04285311699 2.03900504112 2.03517198563 2.02755045891 2.02376151085 2.01998710632 2.01622748375 2.01248216629 2.00875139236 2.00503516197 2.00133323669 1.99764537811 1.99397206306 1.99031293392 1.98666810989 1.98303735256 1.97942054272 1.97581791878 1.97222936153 1.96865487099 1.96509420872 1.96154737473 1.95801436901 1.9544955492 1.95099008083 1.94749855995 1.94402062893 1.94055616856 1.93710553646 1.93366825581 1.93024456501 1.92683446407 1.92343759537 1.92005419731 1.9166841507 1.91332733631 1.90998387337 1.90665364265 1.90333652496 1.9000326395 1.89674174786 1.89346396923 1.89019918442 1.88694739342 1.88370859623 1.88048291206 1.87726974487 1.8740695715 1.87088215351 1.86770749092 1.86454558372 1.86139631271 1.85825967789 1.85513556004 1.85202419758 1.84892511368 1.84583866596 1.84276461601 1.83970296383 1.83665382862 1.83361685276 1.83059239388 1.82758009434 1.82457995415 1.82159209251 1.81861627102 1.8156529665 1.8127014637 1.80976200104 1.8068344593 1.80391895771 1.80101549625 1.79812395573 1.79524409771 1.79237616062 1.78952014446 -1 1.78667593002 1.78384327888 1.78102242947 1.77821314335 1.77541565895 1.77262973785 1.76985526085 1.76709246635 1.76434111595 1.76160120964 1.75887274742 1.7561558485 1.75345015526 1.7507557869 1.74807274342 1.74540090561 1.74274027348 1.74009096622 1.73745286465 1.73482584953 1.73221004009 1.7296050787 -1 1.72701120377 1.7244284153 1.72185671329 1.71929585934 1.71674585342 1.71420681477 1.71167850494 1.70916128159 1.70665454865 1.70415890217 1.70167374611 1.6991994381 1.69673573971 1.69428265095 1.6918400526 1.68940830231 -1 1.68698692322 1.68457603455 1.6821757555 1.67978572845 1.67740631104 1.67503726482 1.67267847061 1.67033016682 1.66799211502 1.66566443443 1.66334688663 1.66103947163 1.65874242783 1.65645539761 -1 1.65417850018 1.65191185474 1.6496553421 1.64740872383 1.64517223835 1.64294552803 1.64072883129 1.63852214813 1.63632535934 1.63413846493 1.63196134567 1.62979412079 1.62763655186 -1 1.6254888773 1.6233509779 1.62122261524 1.61910402775 1.61699509621 1.61489582062 1.61280608177 1.61072587967 1.60865521431 1.60659408569 1.60454261303 1.60250043869 -1 1.60046768188 1.59844434261 1.59643054008 1.59442579746 1.59243059158 1.59044456482 1.58846795559 1.58650040627 1.58454215527 1.58259308338 1.58065319061 -1 1.57872247696 1.57680082321 1.57488834858 1.57298481464 1.57109034061 1.56920480728 1.56732833385 1.56546080112 1.56360220909 1.56175267696 -1 1.55991184711 1.55807983875 1.55625677109 1.5544424057 1.5526368618 1.55084002018 1.54905188084 1.54727256298 1.54550182819 1.54373991489 1.54198646545 -1 1.54024147987 1.53850531578 1.53677749634 1.53505837917 1.53334772587 1.53164541721 1.52995157242 1.52826631069 1.52658927441 1.52492082119 -1 1.52326059341 1.52160859108 1.5199650526 1.51832973957 1.51670265198 1.51508378983 1.51347315311 1.51187062263 1.51027643681 1.50869011879 -1 1.50711202621 1.50554215908 1.50398015976 1.50242626667 1.5008803606 1.49934244156 1.49781250954 1.49629044533 1.49477648735 -1 1.49327027798 1.49177193642 1.49028134346 1.48879873753 1.4873238802 1.48585689068 1.48439741135 1.48294579983 1.48150205612 1.4800658226 -1 1.47863721848 1.47721624374 1.47580301762 1.47439718246 1.47299909592 1.47160840034 1.47022533417 1.46884977818 1.46748161316 1.46612107754 -1 1.46476781368 1.4634219408 1.46208357811 1.46075260639 1.45942878723 1.45811247826 1.45680332184 1.45550143719 1.45420670509 1.45291936398 -1 1.45163917542 1.45036613941 1.44910025597 1.44784152508 1.44658994675 1.44534552097 1.44410800934 1.44287765026 1.44165432453 1.44043803215 -1 1.43922865391 1.43802630901 1.43683087826 1.43564224243 1.43446063995 1.43328595161 1.432117939 1.43095684052 1.42980253696 1.42865502834 -1 1.42751443386 1.42638039589 1.42525327206 1.42413270473 1.42301881313 1.42191159725 1.42081105709 1.41971707344 1.41862976551 1.41754889488 1.41647469997 -1 1.41540694237 1.41434574127 1.41329109669 1.4122428894 1.41120123863 1.41016578674 1.40913689137 1.40811431408 1.40709805489 1.40608823299 1.40508472919 1.40408754349 -1 1.40309667587 1.40211188793 1.40113353729 1.40016138554 1.39919531345 1.39823544025 1.39728176594 1.3963342905 1.39539301395 1.39445769787 1.39352846146 1.39260518551 -1 1.39168810844 1.39077699184 1.38987195492 1.38897275925 1.38807952404 1.3871922493 1.38631105423 1.385435462 1.38456594944 1.38370239735 1.38284444809 1.3819924593 1.38114631176 1.38030576706 -1 1.37947106361 1.37864208221 1.37781894207 1.37700140476 1.37618947029 1.37538337708 1.37458276749 1.37378787994 1.37299847603 1.37221479416 1.37143671513 1.37066411972 1.36989700794 1.36913537979 1.36837935448 -1 1.36762869358 1.36688351631 1.36614382267 1.36540949345 1.36468052864 1.36395692825 1.36323869228 1.36252582073 1.3618183136 1.36111605167 1.36041903496 1.35972738266 1.35904097557 1.35835969448 1.3576836586 1.35701274872 1.35634720325 1.35568666458 1.35503125191 -1 1.35438108444 1.35373580456 1.35309576988 1.35246062279 1.35183060169 1.35120558739 1.35058569908 1.34997081757 1.34936082363 1.34875571728 1.34815561771 1.34756040573 1.34696996212 1.3463845253 1.34580397606 1.34522819519 1.3446573019 1.34409117699 1.34352982044 1.34297335148 1.34242153168 1.34187448025 1.34133207798 1.34079456329 1.34026169777 1.33973324299 1.33920967579 1.33869063854 1.33817636967 1.33766651154 1.33716130257 1.33666062355 1.3361645937 1.33567297459 1.33518600464 1.33470344543 1.33422541618 1.33375179768 -1 1.33328270912 1.3328179121 1.33235764503 1.3319016695 1.33145010471 1.33100283146 1.33056008816 1.33012163639 1.32968735695 1.32925736904 1.32883167267 1.32841038704 1.32799315453 1.32758033276 1.3271715641 1.32676708698 1.32597064972 1.32557868958 1.32519078255 1.32480704784 1.32442724705 1.32405173779 1.32368016243 1.3233127594 1.32294929028 1.32258999348 1.32223451138 1.3218832016 1.32153570652 1.32119226456 1.3208527565 1.32051718235 1.3201854229 1.31985747814 1.3195335865 1.31921350956 1.31889724731 1.31858479977 1.31827628613 1.31797146797 1.31767046452 1.31737327576 1.31707978249 1.3167899847 1.31650388241 1.31622159481 1.31594312191 1.31566810608 1.31539690495 1.31512928009 1.31460475922 1.31434798241 1.31409490108 1.31384539604 1.31359934807 1.31335687637 1.31311798096 1.31288254261 1.31265056133 1.31242203712 1.3121970892 1.31197571754 1.31175744534 1.31154286861 1.31133174896 1.31112384796 1.31071829796 1.31052064896 1.31032621861 1.31013524532 1.30994749069 1.30976319313 1.30958199501 1.30940425396 1.30922961235 1.3090583086 1.3088902235 1.30872535706 1.3084051609 1.30824995041 1.30809772015 1.30794882774 1.30780303478 1.30766034126 1.30752074718 1.30738413334 1.30725085735 1.30712044239 1.30686879158 1.30674767494 1.30662965775 1.30651438236 1.30640220642 1.30629301071 