H = [     0.   0.;
    0.   1.;
    2.   2.;
    5.   3.;
    2.   4.;
    3.   5.;
    3.   6.;
    2.   7.;
    4.   8.;
    3.   9.;
    2.  10.;
    3.  11.;
    3.  12.;
    3.  13.;
    4.  14.;
    4.  15.;
    3.  16.;
    4.  17.;
    1.  18.;
    3.  19.;
    1.  20.;
    0.  21.;
    0.  22.;
    0.  23.;
    0.  24.;
    0.  25.;
    0.  26.;
    0.  27.;
    0.  28.;
    0.  29.;
    0.  30.;
    0.  31.;
    6.  32.;
   14.  33.;
    8.  34.;
    6.  35.;
    4.  36.;
    3.  37.;
    6.  38.;
    5.  39.;
    4.  40.;
    3.  41.;
    2.  42.;
    1.  43.;
    2.  44.;
    3.  45.;
    5.  46.;
    4.  47.;
    4.  48.;
    4.  49.;
    4.  50.;
    2.  51.;
    3.  52.;
    1.  53.;
    0.  54.;
    0.  55.;
    0.  56.;
    0.  57.;
    0.  58.;
    0.  59.;
    0.  60.;
    0.  61.;
    0.  62.;
    0.  63.;
    0.  64.;
    0.  65.;
    0.  66.;
    0.  67.;
    0.  68.;
    0.  69.;
    0.  70.;
    0.  71.;
    0.  72.;
    0.  73.;
    0.  74.;
    0.  75.;
    0.  76.;
    0.  77.;
    0.  78.;
    0.  79.;
    0.  80.;
    0.  81.;
    0.  82.;
    0.  83.;
    0.  84.;
    0.  85.;
    0.  86.;
    0.  87.;
    0.  88.;
    0.  89.;
    0.  90.;
    0.  91.;
    0.  92.;
    0.  93.;
    0.  94.;
    0.  95.;
    0.  96.;
    0.  97.;
    0.  98.;
    0.  99.];
